01110000 01110101 01100010 01101100 01101001 01100011 00100000 01100011 01101100 
01100001 01110011 01110011 00100000 01000110 01101001 01100010 01101111 01101110 
01100001 01100011 01100011 01101001 00100000 01111011 00001010 00100000 00100000 
00100000 00100000 01110000 01110101 01100010 01101100 01101001 01100011 00100000 
01110011 01110100 01100001 01110100 01101001 01100011 00100000 01110110 01101111 
01101001 01100100 00100000 01101101 01100001 01101001 01101110 00101000 01010011 
01110100 01110010 01101001 01101110 01100111 01011011 01011101 00100000 01100001 
01110010 01100111 01110011 00101001 00100000 01111011 00001010 00100000 00100000 
00100000 00100000 00100000 00100000 00100000 00100000 01101001 01101110 01110100 
00100000 01101110 00100000 00111101 00100000 00110001 00110000 00101100 00100000 
01110100 00110001 00100000 00111101 00100000 00110000 00101100 00100000 01110100 
00110010 00100000 00111101 00100000 00110001 00111011 00001010 00100000 00100000 
00100000 00100000 00100000 00100000 00100000 00100000 01010011 01111001 01110011 
01110100 01100101 01101101 00101110 01101111 01110101 01110100 00101110 01110000 
01110010 01101001 01101110 01110100 00101000 00100010 01000110 01101001 01110010 
01110011 01110100 00100000 00100010 00100000 00101011 00100000 01101110 00100000 
00101011 00100000 00100010 00100000 01110100 01100101 01110010 01101101 01110011 
00111010 00100000 00100010 00101001 00111011 00001010 00100000 00100000 00100000 
00100000 00100000 00100000 00100000 00100000 01100110 01101111 01110010 00100000 